+++++test1++++++
42
3467 1334 1500 4169 724 1478 4358 1962 4464 705 3145 3281 1827 4961 491 2995 1942 4827 436 2391 4604 3902 153 292 2382 2421 3716 4718 4895 447 1726 4771 1538 1869 4912 667 1299 2035 4894 3703 3811 1322 
10
4
5
+++++test2++++++
42
2711 3253 1868 547 2644 2662 2757 37 2859 3723 4741 2529 778 2316 3035 2190 1842 288 106 4040 3942 4264 2648 2446 3805 890 1729 4370 350 6 1101 4393 3548 4629 2623 4084 4954 3756 1840 4966 2376 3931 
17
13
4
+++++test3++++++
27
1323 537 1538 1118 2082 2929 1541 4833 1115 4639 4658 2704 4930 3977 2306 1673 2386 21 3745 1924 4072 1270 829 1777 573 97 1512 
11
3
10
+++++test4++++++
37
2355 4767 3655 574 4031 2052 2350 1150 1941 1724 3966 3430 1107 191 3007 1337 457 2287 2753 383 4945 3909 2209 4758 4221 3588 1422 4946 2506 3030 1413 4168 900 2591 3762 1655 2410 
33
4
12
+++++test5++++++
49
1483 2595 4041 3602 4350 291 836 4374 1020 4596 4021 2348 3199 4668 4484 3281 4734 53 1999 1418 2938 1900 3788 3127 467 3728 4893 4648 2483 2807 2421 4310 1617 2813 4514 4309 2616 3935 2451 600 249 1519 1556 2798 303 1224 1008 844 2609 
45
33
1
+++++test6++++++
86
3093 4343 523 1587 4314 4503 2448 200 3458 1618 580 4796 4798 281 4589 798 3009 2157 472 3622 3538 2292 1038 4179 3190 4657 2958 1191 4815 2888 4156 1511 1202 2634 4272 55 328 2646 1362 4886 3875 3433 4869 142 3844 1416 1881 1998 322 3651 21 699 3557 3476 2892 4389 75 712 2600 2510 1003 1869 2861 4688 3401 4789 255 1423 2 585 4182 285 2088 1426 3617 3757 4832 932 4169 2154 721 2189 4976 1329 2368 3692 
12
8
3
+++++test7++++++
50
2441 4512 145 3060 1718 3753 1139 2423 1279 996 1687 2529 2549 2437 4866 2949 193 3195 3297 416 3286 1105 4488 1282 2455 734 3114 1701 1316 671 786 2263 4313 4355 1185 53 912 808 1832 945 4313 2756 3321 4558 3646 2982 481 4144 3196 222 
30
2
16
+++++test8++++++
51
1173 466 2044 1659 1292 1439 2253 24 1154 4510 4745 649 3186 3313 4474 3022 2168 4018 3787 4905 2958 2391 202 3625 1477 4414 4314 824 4334 874 4372 159 1833 3070 2487 3297 2518 3177 2773 2270 1763 2668 2192 3985 3102 3480 4213 2627 4802 4099 527 
25
19
25
+++++test9++++++
24
4972 3061 4181 1003 2432 2505 2593 2725 3031 3492 142 2222 1286 3064 2900 4187 3360 2413 974 4270 4170 235 833 4711 
9
6
6
+++++test10++++++
86
2550 140 3694 2695 1624 3019 2125 1576 1694 2658 1302 2371 2466 4678 2593 3851 484 1018 3464 1119 3152 2800 3087 1060 1926 4010 4757 2170 315 4576 227 2043 2758 2164 109 2882 2086 4565 3487 4577 4474 2625 627 629 1928 423 3520 1902 4962 123 4596 3737 3261 195 2525 1264 3260 1202 3116 30 326 4011 771 1411 547 1153 1520 4790 4924 188 1763 4940 851 3662 3829 900 2713 3958 2578 3365 3007 1477 1200 1058 1439 2303 
33
20
15
+++++test11++++++
78
108 1113 4887 4801 2850 4460 2428 2993 2384 4405 1540 1111 3704 2835 2356 1072 4350 3823 4485 556 3216 1626 4357 3526 3357 4337 3271 3869 4361 2896 3022 4617 112 2717 3696 1585 4041 4423 4129 4229 4565 1559 3932 2296 4855 2053 1962 3584 4734 1654 1972 1457 4369 2532 2963 2607 2483 911 1635 67 2848 4675 2938 2223 2142 3754 1511 2741 175 1459 2825 3221 2870 1626 1934 205 1783 3850 
5
5
2
+++++test12++++++
94
2734 1637 1534 556 1993 176 705 1962 548 881 300 4413 1641 4855 4855 3142 1462 2611 877 424 2678 1752 3443 3296 2673 40 4313 875 72 2818 610 1017 4932 3112 695 3169 3831 40 1488 3685 4090 4497 2589 990 145 4353 4314 3651 1740 2044 1258 335 3759 1192 2605 264 2181 3503 3829 3775 608 4292 997 2549 4556 561 1627 1467 4541 1129 1240 2813 4174 601 1077 215 3683 3213 3992 824 601 3392 759 2670 1428 3027 4084 75 3786 498 4970 1287 3847 2604 
34
6
20
+++++test13++++++
7
2363 4010 2171 2489 3240 2164 542 
4
2
4
+++++test14++++++
5
1818 4232 750 205 4975 
5
4
3
+++++test15++++++
99
1247 3584 3648 2971 2864 2913 1075 1545 3712 2546 3678 1769 262 3519 3985 3289 944 2865 3540 3245 508 3318 2870 4601 3323 1132 4472 2152 87 3570 4763 4901 2103 4423 3527 1600 1969 4015 565 28 1543 347 2088 2943 2637 2409 1463 49 4681 1588 1342 608 2060 1221 1758 4954 888 4146 690 2949 2843 1430 620 748 2067 4536 783 3035 2226 185 2038 4853 629 1224 748 4923 3359 2257 4766 4944 4955 3318 2726 411 1025 355 1001 2549 4496 3584 4515 2964 3342 3075 2913 1142 1196 1948 72 
33
21
5
+++++test16++++++
30
2404 1705 626 4812 4375 93 1565 1036 4736 4141 814 994 3256 1652 3936 838 482 1355 1015 1131 3230 2841 4625 2011 2637 4186 4690 1650 662 1634 
4
2
1
+++++test17++++++
53
4008 2262 2233 454 1303 1634 1303 4256 148 1124 2317 4213 2109 4028 4200 1080 1318 1858 4050 4155 1361 264 1903 3676 4643 1909 4902 3561 3489 4948 1282 3653 674 2220 402 1923 3831 4369 3878 259 4008 2619 3971 3 1945 4781 1504 2392 2685 313 1698 589 2722 
3
3
3
+++++test18++++++
62
1234 2508 4961 3959 1493 1515 269 4937 3869 58 4700 3971 1264 117 1215 4555 2815 3330 3039 212 4288 3082 1954 1085 710 4484 4774 3380 4815 951 1541 3115 1679 2110 898 3073 788 3977 3132 4956 3689 1113 8 2941 790 1723 1363 28 184 4778 2200 71 1885 1974 1071 1333 2867 1153 4295 2168 825 4676 
6
1
1
+++++test19++++++
10
4693 4686 80 116 2249 1667 1528 1679 2864 4421 
6
1
1
+++++test20++++++
17
2726 3666 4087 2681 4964 1340 686 1021 1662 4721 1064 4309 415 2902 4873 2124 3941 
4
3
4
